ACC: 0.7348901098901098


     Targ     Col42     Col26     Col40      Col6     Col24     Col15     Col14     Col16  Col4     Col10     Col22     Col36
0       1  0.880000  0.864865  0.946667  0.593750  0.886792  0.666667  0.865385  0.768116  0.88  0.714286  0.782609  0.671875
1       1  0.666667  0.729730  0.800000  0.515625  0.754717  0.648148  0.826923  0.724638  0.74  0.821429  0.717391  0.765625
2       1  0.746667  0.689189  0.640000  0.765625  0.698113  0.907407  0.865385  0.710145  0.66  0.821429  0.717391  0.796875
3       1  0.733333  0.729730  0.880000  0.562500  0.622642  0.796296  0.711538  0.840580  0.62  0.839286  0.673913  0.859375
4       1  0.746667  0.824324  0.893333  0.593750  0.811321  0.851852  0.711538  0.869565  0.54  0.767857  0.717391  0.828125
..    ...       ...       ...       ...       ...       ...       ...       ...       ...   ...       ...       ...       ...
262     0  0.786667  0.743243  0.866667  0.718750  0.754717  0.666667  0.884615  0.768116  0.76  0.803571  0.804348  0.843750
263     0  0.733333  0.986486  0.826667  0.671875  0.754717  0.962963  0.826923  0.913043  0.74  0.714286  0.760870  0.796875
264     0  0.960000  0.878378  0.920000  0.812500  0.603774  0.833333  0.750000  0.898551  0.82  0.714286  0.760870  0.796875
265     0  0.640000  0.567568  0.920000  0.765625  0.528302  0.740741  0.750000  0.811594  0.76  0.785714  0.804348  0.875000
266     0  0.800000  0.770270  0.840000  0.687500  0.773585  0.888889  0.807692  0.869565  0.64  0.714286  0.695652  0.812500

[267 rows x 13 columns]