0.7865168539325843


     Targ     Col42     Col26     Col40
0       1  0.880000  0.864865  0.946667
1       1  0.666667  0.729730  0.800000
2       1  0.746667  0.689189  0.640000
3       1  0.733333  0.729730  0.880000
4       1  0.746667  0.824324  0.893333
..    ...       ...       ...       ...
262     0  0.786667  0.743243  0.866667
263     0  0.733333  0.986486  0.826667
264     0  0.960000  0.878378  0.920000
265     0  0.640000  0.567568  0.920000
266     0  0.800000  0.770270  0.840000

[267 rows x 4 columns]