ACC: 0.7266483516483515


     Targ     Col42     Col26     Col40      Col6     Col24     Col15
0       1  0.880000  0.864865  0.946667  0.593750  0.886792  0.666667
1       1  0.666667  0.729730  0.800000  0.515625  0.754717  0.648148
2       1  0.746667  0.689189  0.640000  0.765625  0.698113  0.907407
3       1  0.733333  0.729730  0.880000  0.562500  0.622642  0.796296
4       1  0.746667  0.824324  0.893333  0.593750  0.811321  0.851852
..    ...       ...       ...       ...       ...       ...       ...
262     0  0.786667  0.743243  0.866667  0.718750  0.754717  0.666667
263     0  0.733333  0.986486  0.826667  0.671875  0.754717  0.962963
264     0  0.960000  0.878378  0.920000  0.812500  0.603774  0.833333
265     0  0.640000  0.567568  0.920000  0.765625  0.528302  0.740741
266     0  0.800000  0.770270  0.840000  0.687500  0.773585  0.888889

[267 rows x 7 columns]