['Col44', 'Col43', 'Col25', 'Col41', 'Col30', 'Col39', 'Col29', 'Col35', 'Col17']


     Targ     Col42     Col26     Col40      Col6     Col24     Col15     Col14  ...     Col18     Col12      Col9      Col1  Col21     Col37     Col27     Col11
0       1  0.880000  0.864865  0.946667  0.593750  0.886792  0.666667  0.865385  ...  0.625000  0.800000  0.784615  0.733333   0.84  0.914894  0.833333  0.857143
1       1  0.666667  0.729730  0.800000  0.515625  0.754717  0.648148  0.826923  ...  0.805556  0.800000  0.907692  0.866667   0.78  0.744681  0.763889  0.928571
2       1  0.746667  0.689189  0.640000  0.765625  0.698113  0.907407  0.865385  ...  0.777778  0.871429  0.800000  1.000000   0.84  0.765957  0.763889  0.914286
3       1  0.733333  0.729730  0.880000  0.562500  0.622642  0.796296  0.711538  ...  0.875000  0.757143  0.938462  0.816667   0.82  0.744681  0.902778  0.814286
4       1  0.746667  0.824324  0.893333  0.593750  0.811321  0.851852  0.711538  ...  0.930556  0.628571  0.892308  0.650000   0.88  0.531915  0.916667  0.942857
..    ...       ...       ...       ...       ...       ...       ...       ...  ...       ...       ...       ...       ...    ...       ...       ...       ...
262     0  0.786667  0.743243  0.866667  0.718750  0.754717  0.666667  0.884615  ...  0.736111  0.914286  0.784615  0.783333   0.82  0.744681  0.750000  0.885714
263     0  0.733333  0.986486  0.826667  0.671875  0.754717  0.962963  0.826923  ...  0.736111  0.700000  0.676923  0.600000   0.56  0.489362  0.930556  0.942857
264     0  0.960000  0.878378  0.920000  0.812500  0.603774  0.833333  0.750000  ...  0.805556  0.900000  0.815385  0.733333   0.76  0.680851  0.750000  0.900000
265     0  0.640000  0.567568  0.920000  0.765625  0.528302  0.740741  0.750000  ...  0.791667  0.814286  0.846154  0.750000   0.82  0.808511  0.472222  0.857143
266     0  0.800000  0.770270  0.840000  0.687500  0.773585  0.888889  0.807692  ...  0.805556  0.771429  0.784615  0.716667   0.74  0.680851  0.722222  0.814286

[267 rows x 36 columns]