     Targ      Col1      Col2      Col3  Col4      Col5      Col6      Col7      Col8  ...     Col36     Col37     Col38     Col39     Col40     Col41     Col42     Col43     Col44
0       1  0.733333  0.783333  0.795455  0.88  0.721311  0.593750  0.718750  0.634921  ...  0.671875  0.914894  0.934426  0.875000  0.946667  0.922078  0.880000  0.676056  0.927536
1       1  0.866667  0.883333  0.750000  0.74  0.672131  0.515625  0.765625  0.698413  ...  0.765625  0.744681  0.836066  0.805556  0.800000  0.766234  0.666667  0.647887  0.695652
2       1  1.000000  0.716667  0.636364  0.66  0.754098  0.765625  0.828125  0.825397  ...  0.796875  0.765957  0.737705  0.791667  0.640000  0.779221  0.746667  0.450704  0.550725
3       1  0.816667  0.750000  0.613636  0.62  0.704918  0.562500  0.781250  0.920635  ...  0.859375  0.744681  0.737705  0.833333  0.880000  0.779221  0.733333  0.661972  0.811594
4       1  0.650000  0.650000  0.704545  0.54  0.688525  0.593750  0.765625  0.761905  ...  0.828125  0.531915  0.622951  0.847222  0.893333  0.857143  0.746667  0.535211  0.550725
..    ...       ...       ...       ...   ...       ...       ...       ...       ...  ...       ...       ...       ...       ...       ...       ...       ...       ...       ...
262     0  0.783333  0.900000  0.772727  0.76  0.754098  0.718750  0.781250  0.920635  ...  0.843750  0.744681  0.852459  0.819444  0.866667  0.766234  0.786667  0.633803  0.724638
263     0  0.600000  0.600000  0.659091  0.74  0.737705  0.671875  0.734375  0.793651  ...  0.796875  0.489362  0.573770  0.833333  0.826667  0.766234  0.733333  0.633803  0.753623
264     0  0.733333  0.716667  0.795455  0.82  0.918033  0.812500  0.828125  0.793651  ...  0.796875  0.680851  0.688525  0.791667  0.920000  0.896104  0.960000  0.788732  0.927536
265     0  0.750000  0.733333  0.772727  0.76  0.426230  0.765625  0.859375  0.857143  ...  0.875000  0.808511  0.901639  0.861111  0.920000  0.818182  0.640000  0.661972  0.579710
266     0  0.716667  0.550000  0.704545  0.64  0.786885  0.687500  0.843750  0.825397  ...  0.812500  0.680851  0.754098  0.777778  0.840000  0.857143  0.800000  0.676056  0.797101

[267 rows x 45 columns]